!Freight order 1  has pickup in  Dombås and delivery in Lillehammer
!Freight order 2  has pickup in Oslo and delivery in  Røros
!Freight order 3  has pickup in Stjørdal and delivery in  Dombås
!Freight order 4  has pickup in Gjøvik and delivery in Oppdal
!Freight order 5  has pickup in  Ringebu and delivery in Gjøvik
!Vehicle 1 has startdepot  Røros
!Vehicle 2 has startdepot  Trondheim
!Vehicle 3 has startdepot Gjøvik
 

PickupNodes : [2   4   6   8  10]
DeliveryNodes : [3   5   7   9  11]
NodesVehiclek : [0   1   2   3   4   5   6   7   8   9  10  11]
NodesWithoutStartDepot : [1   2   3   4   5   6   7   8   9  10  11]
NodesWithoutEndDepot : [0   2   3   4   5   6   7   8   9  10  11]
Nodes : [2   3   4   5   6   7   8   9  10  11]
PositionsVehiclek : [1   2   3   4   5   6   7   8   9  10  11  12]
nPositionsVehiclek : [12]
VolumeCap : [81]
WeightCap : [30]
VolumeWeightConstant : [3.5]
Vehicles : [ 1 ] 
EarlyTimeWindow : [0            0            1            3           22        26.75           11        14.25           45         48.5           35        36.25]
LateTimeWindow : [144           144            13            15            34         38.75            23         26.25            57          60.5            47         48.25]

WeightLoad: [ 

2     0     0     0     0     
0     5     0     0     0     
0     0     7     0     0     
0     0     0     8     0     
0     0     0     0     15     
  ] 

VolumeLoad: [ 

13     0     0     0     0     
0     4     0     0     0     
0     0     9     0     0     
0     0     0     10     0     
0     0     0     0     32     
  ] 

DrivingTime: [ 

0     0     0     0     0     0     0     0     0     0     0     0     
0     0     0     0     0     0     0     0     0     0     0     0     
0     0     0.5     2     4.25     2.5     3.25     0.5     2.5     1     1.25     2.5     
0     0     2     0.5     2.5     3.75     5.25     2     0.75     3     0.75     0.75     
0     0     4.15     2.5     0.5     4.75     6.75     4.15     1.75     5.25     3     1.75     
0     0     2.5     3.75     4.75     0.5     2.5     2.5     4.25     2     3     4.25     
0     0     3.25     5.25     6.75     2.5     0.5     3.25     5.75     2.25     4.5     5.75     
0     0     0.5     2     4.25     2.5     3.25     0.5     2.5     1     1.25     2.5     
0     0     2.5     0.75     1.75     4.25     5.75     2.5     0.5     3.5     1.25     0.5     
0     0     1     3     5.25     2     2.25     1     3.5     0.5     2.25     3.5     
0     0     1.25     0.75     3     3     4.5     1.25     1.25     2.25     0.5     1.25     
0     0     2.5     0.75     1.75     4.25     5.75     2.5     0.5     3.5     1.25     0.5     
  ] 

DrivingDistance: [ 

0     0     0     0     0     0     0     0     0     0     0     0     
0     0     0     0     0     0     0     0     0     0     0     0     
0     0     30     154     319     178     228     30     196     79     98     196     
0     0     154     30     168     264     367     154     45     218     57     45     
0     0     319     168     30     382     524     319     123     414     221     123     
0     0     178     264     382     30     168     178     306     153     208     306     
0     0     228     367     524     168     30     228     409     149     311     409     
0     0     30     154     319     178     228     30     196     79     98     196     
0     0     196     45     123     306     409     196     30     260     98     30     
0     0     79     218     414     153     149     79     260     30     162     260     
0     0     98     57     221     208     311     98     98     162     30     98     
0     0     196     45     123     306     409     196     30     260     98     30     
  ] 

StartDepotTime : [  
2.5     
4.75     
2.5     
4.25     
3     
  ] 

StartDepotDistance : [  
178     
382     
168     
306     
208     
  ] 

MaxConsecutiveDrivingHours: [4.5] 
 IntermediateBreakTime: [0.75] 
MaxConsecutiveWorkingHours : [6] 
MaxDailyDrivingHours : [9] 
MinDailyRestingHours : [11] 
HoursInDay: [24] 
 MaxWeeklyDrivingHours : [56] 
DrivingBigM1 : [79] 
DrivingBigM2 : [11] 
MaxWaitingTime : [0] 
MaxBreakDuration: [11] 
TimeBigM : [79] 


FuelPrice : [14.84] 
FuelConsumptionEmptyTruckPerKm : [0.42] 
 FuelConsumptionPerTonPerKm : [0.01] 
 LabourCostPerHour : [469] 
OtherDistanceDependentCostsPerKm : [3.55] 
OtherTimeDependentCostsPerHour : [199] 
TimeTonService : [0.1] 
Revenue : [100] 
