!Freight order 1  has pickup in Stjørdal and delivery in Oppdal
!Freight order 2  has pickup in Oppdal and delivery in  Ringebu
!Freight order 3  has pickup in  Dombås and delivery in Gjøvik
!Freight order 4  has pickup in  Hamar and delivery in Gjøvik
!Freight order 5  has pickup in  Hamar and delivery in Oslo
!Vehicle 1 has startdepot Oppdal
!Vehicle 2 has startdepot Gjøvik
!Vehicle 3 has startdepot  Ringebu
 

PickupNodes : [2   4   6   8  10]
DeliveryNodes : [3   5   7   9  11]
NodesVehiclek : [0   1   2   3   4   5   6   7   8   9  10  11]
NodesWithoutStartDepot : [1   2   3   4   5   6   7   8   9  10  11]
NodesWithoutEndDepot : [0   2   3   4   5   6   7   8   9  10  11]
Nodes : [2   3   4   5   6   7   8   9  10  11]
PositionsVehiclek : [1   2   3   4   5   6   7   8   9  10  11  12]
nPositionsVehiclek : [12]
VolumeCap : [81]
WeightCap : [30]
VolumeWeightConstant : [3.5]
Vehicles : [ 1 ] 
EarlyTimeWindow : [0            0           62        64.25           44        46.25            8         10.5           44           45           11        12.75]
LateTimeWindow : [144           144            74         76.25            56         58.25            20          22.5            56            57            23         24.75]

WeightLoad: [ 

17     0     0     0     0     
0     10     0     0     0     
0     0     10     0     0     
0     0     0     19     0     
0     0     0     0     9     
  ] 

VolumeLoad: [ 

44     0     0     0     0     
0     29     0     0     0     
0     0     16     0     0     
0     0     0     48     0     
0     0     0     0     23     
  ] 

DrivingTime: [ 

0     0     0     0     0     0     0     0     0     0     0     0     
0     0     0     0     0     0     0     0     0     0     0     0     
0     0     0.5     2.25     2.25     4.5     3.25     5.75     5.5     5.75     5.5     6.75     
0     0     2.25     0.5     0.5     2.25     1     3.5     4     3.5     4     5.25     
0     0     2.25     0.5     0.5     2.25     1     3.5     4     3.5     4     5.25     
0     0     4.5     2.25     2.25     0.5     1.25     1.25     1.75     1.25     1.75     3     
0     0     3.25     1     1     1.25     0.5     2.5     3     2.5     3     4.25     
0     0     5.75     3.5     3.5     1.25     2.5     0.5     1     0.5     1     1.75     
0     0     5.5     4     4     1.75     3     1     0.5     1     0.5     1.75     
0     0     5.75     3.5     3.5     1.25     2.5     0.5     1     0.5     1     1.75     
0     0     5.5     4     4     1.75     3     1     0.5     1     0.5     1.75     
0     0     6.75     5.25     5.25     3     4.15     1.75     1.75     1.75     1.75     0.5     
  ] 

DrivingDistance: [ 

0     0     0     0     0     0     0     0     0     0     0     0     
0     0     0     0     0     0     0     0     0     0     0     0     
0     0     30     149     149     311     228     409     415     409     415     524     
0     0     149     30     30     162     79     260     277     260     277     414     
0     0     149     30     30     162     79     260     277     260     277     414     
0     0     311     162     162     30     98     98     115     98     115     221     
0     0     228     79     79     98     30     196     213     196     213     319     
0     0     409     260     260     98     196     30     52     30     52     123     
0     0     415     277     277     115     213     52     30     52     30     129     
0     0     409     260     260     98     196     30     52     30     52     123     
0     0     415     277     277     115     213     52     30     52     30     129     
0     0     524     414     414     221     319     123     129     123     129     30     
  ] 

StartDepotTime : [  
2.25     
0.5     
1     
4     
4     
  ] 

StartDepotDistance : [  
149     
30     
79     
277     
277     
  ] 

MaxConsecutiveDrivingHours: [4.5] 
 IntermediateBreakTime: [0.75] 
MaxConsecutiveWorkingHours : [6] 
MaxDailyDrivingHours : [9] 
MinDailyRestingHours : [11] 
HoursInDay: [24] 
 MaxWeeklyDrivingHours : [56] 
DrivingBigM1 : [79] 
DrivingBigM2 : [11] 
MaxWaitingTime : [0] 
MaxBreakDuration: [11] 
TimeBigM : [79] 


FuelPrice : [14.84] 
FuelConsumptionEmptyTruckPerKm : [0.42] 
 FuelConsumptionPerTonPerKm : [0.01] 
 LabourCostPerHour : [469] 
OtherDistanceDependentCostsPerKm : [3.55] 
OtherTimeDependentCostsPerHour : [199] 
TimeTonService : [0.1] 
Revenue : [100] 
