NodesVehiclek , 0,1,2,3,4,5,6,7,8,9,10,11,12,13,14,15,16,17,18,19,20,21,22,23,24,25,26,27,28,29,30,31,
VolumeCap , 81
WeightCap , 30 
EarlyTimeWindow ,0.00,0.00,7.00,11.25,52.00,56.75,100.00,105.25,47.00,47.75,74.00,78.00,99.00,103.50,107.00,111.50,112.00,116.00,23.00,26.00,31.00,32.25,108.00,109.25,71.00,72.25,60.00,65.75,74.00,77.50,99.00,102.75,
LateTimeWindow , 144.00,144.00,19.00,23.25,64.00,68.75,112.00,117.25,59.00,59.75,86.00,90.00,111.00,115.50,119.00,123.50,124.00,128.00,35.00,38.00,43.00,44.25,120.00,121.25,83.00,84.25,72.00,77.75,86.00,89.50,111.00,114.75,
WeightLoad , 12,12,16,20,29,22,13,25,5,2,3,5,10,10,1,
VolumeLoad , 31,22,33,53,81,65,34,73,14,5,4,12,25,16,11,
PickupNodes , 7,2,1,6,4,10,10,3,9,9,6,9,10,6,8,
DeliveryNodes , 2,5,3,8,3,9,9,4,5,7,9,7,6,4,5,
StartDepot , 6 
EndDepot , 11 
NumberOfCities, 11 
Times: 
0 , 6.5 , 5.25 , 1.75 , 2.25 , 5.25 , 2.75 , 4.75 , 4 , 0.5 , 0 , 
6.5 , 0 , 1.75 , 5.25 , 4.75 , 1.75 , 4.15 , 2.5 , 3 , 6.75 , 0 , 
5.25 , 1.75 , 0 , 4 , 3.75 , 1 , 3 , 1.15 , 1.75 , 5.5 , 0 , 
1.75 , 5.25 , 4 , 0 , 2 , 3.5 , 1 , 3 , 2.25 , 2.25 , 0 , 
2.25 , 4.75 , 3.75 , 2 , 0 , 4.25 , 2.5 , 3.75 , 3 , 2.5 , 0 , 
5.25 , 1.75 , 1 , 3.5 , 4.25 , 0 , 2.5 , 0.75 , 1.25 , 5.75 , 0 , 
2.75 , 4.25 , 3 , 1 , 2.5 , 2.5 , 0 , 2 , 1.25 , 3.25 , 0 , 
4.75 , 2.5 , 1.25 , 3 , 3.75 , 0.75 , 2 , 0 , 0.75 , 5.25 , 0 , 
4 , 3 , 1.75 , 2.25 , 3 , 1.25 , 1.25 , 0.75 , 0 , 4.5 , 0 , 
0.5 , 6.75 , 5.5 , 2.25 , 2.5 , 5.75 , 3.25 , 5.25 , 4.5 , 0 , 0 , 
0 , 0 , 0 , 0 , 0 , 0 , 0 , 0 , 0 , 0 , 0 , 
Distances: 
0 , 495 , 384 , 119 , 154 , 378 , 198 , 336 , 280 , 36 , 0 , 
495 , 0 , 129 , 414 , 382 , 123 , 319 , 168 , 221 , 524 , 0 , 
384 , 129 , 0 , 277 , 272 , 52 , 213 , 62 , 115 , 415 , 0 , 
119 , 414 , 277 , 0 , 153 , 260 , 79 , 218 , 162 , 149 , 0 , 
154 , 382 , 272 , 153 , 0 , 306 , 178 , 264 , 208 , 168 , 0 , 
378 , 123 , 52 , 260 , 306 , 0 , 196 , 45 , 98 , 409 , 0 , 
198 , 319 , 213 , 79 , 178 , 196 , 0 , 154 , 98 , 228 , 0 , 
336 , 168 , 62 , 218 , 264 , 45 , 154 , 0 , 57 , 367 , 0 , 
280 , 221 , 115 , 162 , 208 , 98 , 98 , 57 , 0 , 311 , 0 , 
36 , 524 , 415 , 149 , 168 , 409 , 228 , 367 , 311 , 0 , 0 , 
0 , 0 , 0 , 0 , 0 , 0 , 0 , 0 , 0 , 0 , 0 , 
FuelPrice , 14.84 
FuelConsumptionEmptyTruckPerKm, 0.42
FuelConsumptionPerTonPerKm, 0.01
 LabourCostPerHour, 469
OtherDistanceDependentCostsPerKm, 3.55
OtherTimeDependentCostsPerHour, 199
TimeTonService, 0.1
 Revenue, 100
 

!Freight order 1  has pickup in  Dombås and delivery in Oslo
!Freight order 2  has pickup in Oslo and delivery in  Røros
!Freight order 3  has pickup in  Trondheim and delivery in  Hamar
!Freight order 4  has pickup in Gjøvik and delivery in Lillehammer
!Freight order 5  has pickup in Oppdal and delivery in  Hamar
!Freight order 6  has pickup in Stjørdal and delivery in  Ringebu
!Freight order 7  has pickup in Stjørdal and delivery in  Ringebu
!Freight order 8  has pickup in  Hamar and delivery in Oppdal
!Freight order 9  has pickup in  Ringebu and delivery in  Røros
!Freight order 10  has pickup in  Ringebu and delivery in  Dombås
!Freight order 11  has pickup in Gjøvik and delivery in  Ringebu
!Freight order 12  has pickup in  Ringebu and delivery in  Dombås
!Freight order 13  has pickup in Stjørdal and delivery in Gjøvik
!Freight order 14  has pickup in Gjøvik and delivery in Oppdal
!Freight order 15  has pickup in Lillehammer and delivery in  Røros
!The vehicle has startdepot Gjøvik
