NodesVehiclek , 0,1,2,3,4,5,6,7,8,9,10,11,
VolumeCap , 81
WeightCap , 30 
EarlyTimeWindow ,0.00,0.00,1.00,5.75,2.00,4.50,15.00,17.00,39.00,39.75,30.00,35.50,
LateTimeWindow , 144.00,144.00,13.00,17.75,14.00,16.50,27.00,29.00,51.00,51.75,42.00,47.50,
WeightLoad , 18,5,5,20,20,
VolumeLoad , 48,13,10,56,56,
PickupNodes , 2,7,8,9,3,
DeliveryNodes , 5,5,7,8,10,
StartDepot , 10 
EndDepot , 11 
NumberOfCities, 11 
Times: 
0 , 6.5 , 5.25 , 1.75 , 2.25 , 5.25 , 2.75 , 4.75 , 4 , 0.5 , 0 , 
6.5 , 0 , 1.75 , 5.25 , 4.75 , 1.75 , 4.15 , 2.5 , 3 , 6.75 , 0 , 
5.25 , 1.75 , 0 , 4 , 3.75 , 1 , 3 , 1.15 , 1.75 , 5.5 , 0 , 
1.75 , 5.25 , 4 , 0 , 2 , 3.5 , 1 , 3 , 2.25 , 2.25 , 0 , 
2.25 , 4.75 , 3.75 , 2 , 0 , 4.25 , 2.5 , 3.75 , 3 , 2.5 , 0 , 
5.25 , 1.75 , 1 , 3.5 , 4.25 , 0 , 2.5 , 0.75 , 1.25 , 5.75 , 0 , 
2.75 , 4.25 , 3 , 1 , 2.5 , 2.5 , 0 , 2 , 1.25 , 3.25 , 0 , 
4.75 , 2.5 , 1.25 , 3 , 3.75 , 0.75 , 2 , 0 , 0.75 , 5.25 , 0 , 
4 , 3 , 1.75 , 2.25 , 3 , 1.25 , 1.25 , 0.75 , 0 , 4.5 , 0 , 
0.5 , 6.75 , 5.5 , 2.25 , 2.5 , 5.75 , 3.25 , 5.25 , 4.5 , 0 , 0 , 
0 , 0 , 0 , 0 , 0 , 0 , 0 , 0 , 0 , 0 , 0 , 
Distances: 
0 , 495 , 384 , 119 , 154 , 378 , 198 , 336 , 280 , 36 , 0 , 
495 , 0 , 129 , 414 , 382 , 123 , 319 , 168 , 221 , 524 , 0 , 
384 , 129 , 0 , 277 , 272 , 52 , 213 , 62 , 115 , 415 , 0 , 
119 , 414 , 277 , 0 , 153 , 260 , 79 , 218 , 162 , 149 , 0 , 
154 , 382 , 272 , 153 , 0 , 306 , 178 , 264 , 208 , 168 , 0 , 
378 , 123 , 52 , 260 , 306 , 0 , 196 , 45 , 98 , 409 , 0 , 
198 , 319 , 213 , 79 , 178 , 196 , 0 , 154 , 98 , 228 , 0 , 
336 , 168 , 62 , 218 , 264 , 45 , 154 , 0 , 57 , 367 , 0 , 
280 , 221 , 115 , 162 , 208 , 98 , 98 , 57 , 0 , 311 , 0 , 
36 , 524 , 415 , 149 , 168 , 409 , 228 , 367 , 311 , 0 , 0 , 
0 , 0 , 0 , 0 , 0 , 0 , 0 , 0 , 0 , 0 , 0 , 
FuelPrice , 14.84 
FuelConsumptionEmptyTruckPerKm, 0.42
FuelConsumptionPerTonPerKm, 0.01
 LabourCostPerHour, 469
OtherDistanceDependentCostsPerKm, 3.55
OtherTimeDependentCostsPerHour, 199
TimeTonService, 0.1
 Revenue, 100
 

!Freight order 1  has pickup in Oslo and delivery in  Røros
!Freight order 2  has pickup in  Dombås and delivery in  Røros
!Freight order 3  has pickup in Lillehammer and delivery in  Dombås
!Freight order 4  has pickup in  Ringebu and delivery in Lillehammer
!Freight order 5  has pickup in  Hamar and delivery in Stjørdal
!The vehicle has startdepot Stjørdal
